CPU,Memory,Storage,StorageEphemeral,CollectedTime,Window,Available,PodName
0,0,0,0,Task has been ended,0,false,
0,0,0,0,Pod Not Found,0,false,
889,540852224000,0,0,2023-03-28 09:08:00 +0000 UTC,9983,true,slam-9062-k8s-as1
2517,567779328000,0,0,2023-03-28 09:08:05 +0000 UTC,5383,true,slam-9062-k8s-as1
2372,626053120000,0,0,2023-03-28 09:08:23 +0000 UTC,17523,true,slam-9062-k8s-as1
